0 2 0.212815
0 3 0.371279
0 9 3.60212e-07
0 21 0.175802
0 26 0.000836176
0 27 4.37561e-07
0 29 0.0998589
0 31 0.101098
0 48 0.00174114
0 59 0.0365664
0 84 2.64883e-06
2 2 1
3 4 1
4 3 0.269334
4 29 0.730026
4 84 0.000640514
5 5 1
6 6 1
7 7 1
8 8 1
9 9 1
10 9 0.0228101
10 59 0.000125378
10 92 0.977065
11 10 1
12 11 1
13 12 1
14 2 0.991885
14 45 0.00811451
15 13 1
16 3 0.502919
16 18 0.497081
17 5 0.998658
17 10 0.000543206
17 45 0.00079885
18 2 0.154081
18 4 0.000138512
18 26 0.845703
18 45 7.66666e-05
19 5 1
20 14 1
21 3 1
22 15 1
23 8 1
24 8 0.999403
24 16 0.000596999
25 9 1
26 16 1
27 2 0.943486
27 45 4.93364e-06
27 46 0.0565094
28 3 0.21781
28 24 0.78219
29 3 1
30 17 1
31 73 1
32 45 0.193585
32 50 0.806415
33 5 1
34 5 1
35 5 1
36 5 2.06054e-05
36 21 0.999979
37 19 1
38 20 1
39 2 1
40 21 1
41 22 1
42 23 0.860195
42 81 0.139805
43 25 1
44 2 0.231758
44 26 0.186739
44 27 0.581502
44 101 1.04075e-06
45 28 0.999263
45 29 0.000736737
46 26 0.385775
46 27 0.477557
46 28 0.136668
47 26 1
48 99 1
49 2 0.000200724
49 26 5.93635e-05
49 29 0.689095
49 84 0.310645
50 26 0.582825
50 45 0.000152321
50 94 0.417023
51 30 1
52 21 0.862859
52 45 1.00711e-06
52 94 0.13714
53 45 9.41248e-06
53 80 0.33333
53 102 0.66666
54 21 1
55 31 1
56 32 1
57 34 1
58 27 0.258323
58 28 0.741677
59 35 1
60 36 1
61 5 1
62 33 1
63 29 0.598764
63 45 0.401236
64 37 1
65 33 0.5
65 38 0.5
66 39 1
67 40 1
68 41 1
69 42 1
70 43 1
71 21 1
72 42 0.0271371
72 43 0.972863
73 43 1
74 44 1
75 28 0.533417
75 45 0.466583
76 2 0.789414
76 28 0.210547
76 29 3.60796e-05
76 31 2.5005e-06
77 43 1
78 34 1
79 26 1
80 27 1
81 35 1
82 26 0.498836
82 45 0.00222055
82 103 0.498944
83 45 0.323395
83 104 0.676605
84 21 0.999955
84 45 4.47379e-05
85 38 1
86 39 1
87 34 1
88 2 0.888886
88 46 0.111114
89 2 0.999726
89 46 0.000273588
90 47 1
91 48 1
92 51 1
93 44 1
94 49 0.444444
94 66 0.222222
94 68 0.111111
94 82 0.222222
95 2 0.693021
95 86 0.306979
96 52 1
97 53 1
98 52 1
99 54 1
100 54 1
101 51 0.499999
101 55 0.500001
102 10 1
103 99 1
104 56 1
105 36 1
106 57 1
107 2 0.0263188
107 87 0.486842
107 101 0.486839
108 58 1
109 60 1
110 61 1
111 62 1
112 58 0.528912
112 59 0.471088
113 48 0.166659
113 92 0.833341
114 63 1
115 64 1
116 65 1
117 48 0.105671
117 70 0.580055
117 81 0.314274
118 48 0.3924
118 69 0.6076
119 3 1
120 67 1
121 45 0.0371896
121 70 0.96281
122 71 1
123 72 1
124 48 1
125 48 0.999925
125 73 7.52246e-05
126 74 1
127 76 1
128 75 1
129 77 1
130 29 0.333333
130 78 0.333333
130 79 0.333333
131 29 0.5
131 79 0.5
132 69 1
133 80 1
134 83 1
135 29 0.103537
135 84 0.792925
135 109 0.103537
136 85 1
137 81 1
138 87 1
139 88 0.5
139 97 0.5
140 32 0.333333
140 89 0.666667
141 90 1
142 91 1
143 2 1
144 31 0.325052
144 84 0.00123613
144 93 0.673712
145 84 0.24895
145 86 0.250545
145 94 0.500505
146 26 1
147 24 0.5
147 92 0.5
148 94 1
149 95 1
150 96 1
151 98 1
152 93 1
153 100 1
154 2 1
155 94 1
156 27 1
157 31 1
158 28 1
159 105 1
160 2 1
161 106 1
162 107 1
163 84 0.499998
163 108 0.500002
164 109 1
165 110 1
166 111 1
167 112 1
168 113 1
169 72 1
170 114 1
171 115 1
172 116 1
173 109 0.5
173 117 0.5
174 109 0.5
174 118 0.5
