0 2 0.813172
0 4 0.0553337
0 11 0.0202956
0 27 1.94036e-05
0 30 0.0575927
0 60 0.0502133
0 65 0.00337331
2 5 0.5
2 7 0.5
3 8 1
4 6 0.999763
4 27 0.000236904
5 30 5.93848e-06
5 98 0.999994
6 2 1
7 3 1
8 2 0.999393
8 5 0.00060698
9 9 1
10 4 0.988998
10 5 0.0109587
10 11 4.28132e-05
11 12 1
12 4 0.0105661
12 6 0.0099744
12 9 0.97946
13 11 0.315786
13 78 0.684214
14 10 0.999965
14 18 3.51192e-05
15 13 1
16 14 1
17 98 1
18 10 0.999585
18 28 0.000414809
19 26 0.959771
19 27 4.19899e-05
19 60 0.0401869
20 11 0.911855
20 15 0.0881445
21 16 1
22 17 1
23 2 0.190398
23 15 0.809602
24 19 0.883712
24 30 0.116288
25 20 1
26 21 1
27 18 1
28 23 1
29 22 1
30 24 0.5
30 52 0.5
31 25 1
32 26 1
33 27 0.00381045
33 28 0.99619
34 27 0.101491
34 28 0.898508
35 24 1
36 9 0.938461
36 27 0.0615394
37 6 1
38 5 1
39 31 1
40 30 1
41 29 0.791035
41 30 0.0540311
41 45 0.104165
41 60 0.0507688
42 32 1
43 33 1
44 36 1
45 60 0.0170272
45 65 0.982973
46 37 1
47 34 1
48 35 0.894439
48 45 0.105561
49 38 1
50 30 1
51 40 1
52 39 1
53 41 1
54 27 1
55 42 1
56 43 1
57 29 1
58 39 0.843229
58 43 0.0214496
58 44 0.135322
59 26 1
60 44 1
61 5 1
62 47 1
63 46 1
64 48 1
65 2 1
66 39 1
67 49 1
68 27 1
69 50 1
70 28 1
71 2 1
72 42 1
73 51 1
74 9 1
75 5 1
76 53 1
77 28 1
78 28 1
79 13 1
80 55 1
81 54 1
82 28 1
83 57 1
84 56 1
85 58 1
86 5 1
87 54 1
88 10 1
89 13 1
90 17 0.00313247
90 26 0.878146
90 73 0.118721
91 2 0.0420552
91 17 0.942125
91 79 0.0158196
92 59 1
93 62 1
94 61 0.513305
94 73 0.349808
94 81 0.136887
95 63 1
96 11 0.000475458
96 15 0.760266
96 71 0.239258
97 64 1
98 66 1
99 15 1
100 5 1
101 67 1
102 3 1
103 68 1
104 18 1
105 3 1
106 15 1
107 71 1
108 69 1
109 15 0.0011251
109 70 0.998875
110 58 1
111 26 1
112 28 1
113 26 1
114 72 1
115 73 0.792188
115 81 0.207812
116 74 1
117 8 1
118 75 0.836975
118 83 0.163025
119 76 1
120 6 1
121 79 1
122 77 1
123 80 1
124 79 1
125 79 1
126 81 1
127 83 1
128 82 1
129 53 0.999377
129 84 0.000623085
130 84 1
131 85 1
132 86 1
133 84 1
134 88 1
135 87 0.666667
135 88 0.333333
136 52 1
137 52 1
138 2 1
139 89 1
140 84 1
141 90 1
142 91 1
143 93 1
144 92 1
145 94 1
146 4 1
147 89 1
148 52 1
149 2 1
150 68 1
151 90 1
152 95 1
153 90 1
154 96 1
155 99 1
156 100 1
157 97 1
158 101 1
159 98 1
160 102 1
161 104 1
162 103 1
163 105 1
164 106 1
165 107 1
166 108 1
167 108 1
168 109 1
169 110 1
